10   0   3   7   9   
6   1   4   4   1   
10   5   3   7   9   
4   0   3   3   9   
6   7   2   3   1   
10   8   4   4   1   
6   8   7   9   7   
0   2   1   4   3   
6   6   4   2   3   
7   5   6   0   8   
0   5   7   9   8   
1   5   10   0   2   
10   3   6   4   2   
0   5   6   4   10   
9   10   1   1   5   
4   2   2   9   1   
8   1   9   7   4   
5   8   7   0   3   
5   7   4   6   2   
6   3   9   9   8   
2   2   9   6   2   
5   8   8   2   5   
9   7   4   7   9   
6   8   5   3   7   
7   4   0   9   9   
8   9   2   5   0   
1   1   8   3   7   
8   3   7   6   4   
8   10   3   3   6   
6   8   3   4   1   
