

      99.99996      99.99985     261.22797   12164.01766     189.63020     189.67630     442.76620     260.63108     261.21515     359.77102      99.99948



      99.99985      99.91253     261.14050     137.72299     189.67276     137.72302     682.40051     261.22782     137.72275     357.62362     137.72303



     939.82263     261.22797      99.99985     189.65201    4656.65841     495.48707    6413.03970     137.72300    1782.61909     261.22744     189.67604



     495.44148     189.67632     939.22574     137.72275     359.60515     100.00000     137.72299     189.67533      99.99996     261.06206     137.72288



     189.67604     261.22789     137.72295     259.08053     925.16848     682.37619     261.20365     359.77106      99.99812     189.67628    1782.57486


      99.99324     189.67632     100.00000     137.72303     261.22796    1294.30605     261.22609     137.72302      99.99999     100.00000     939.82248



     137.72295     100.00000     359.77079      99.99972     189.66956     189.67617     359.77105     495.48084    8831.53358      99.99985     359.77054



    2455.07903      99.99999     682.37619     682.39999     682.38769   16700.75389     137.72288     189.67628      99.99998     100.00000      99.99901



     100.00000       0.00000      99.99812     359.72495      85.00163     137.72303     137.72302     100.00000     137.72303     189.67628      99.95388



     189.63020      99.99999     189.67632     189.66350      99.99324      99.99324     682.40050     137.72300      99.98718     682.39999     137.72303



     189.67632     682.40047     359.77106      99.99999     359.77106     359.77106     137.55712     137.72301     137.72275     253.50209      99.99948



     188.54416     495.48745     187.52888     137.71946     137.72303     939.80981     189.67276     495.17290      99.99998     261.20365      99.99998



      99.99985     100.00000     189.58885    6413.26692     137.63556      99.99999      99.99999      99.99999     137.72303    1294.35216      99.99948



     355.69787      99.99972      99.99972     261.22797     189.67628     189.67630     137.69871      99.99999     261.22793      99.99999      99.99948


     189.67604     189.67630     100.00000     137.71021     359.77007     189.67632    1290.27898     261.22609     261.22789     137.72275     100.00000



     189.67604     100.00000      99.97569     495.48707    1294.03748    1290.27898     137.72275     137.72303      99.99996    2451.00636      99.99992



     137.72302     359.75824     137.72303    1782.61421     137.72295     495.48759      99.99999      99.98718     187.52888     100.00000     100.00000



     137.72250     100.00000    1780.47353     189.65201     136.59087     136.59087     682.08582     261.22797      99.99999      99.99999     135.57558



     100.00000    8824.93987     137.72302     100.00000      99.97569      99.99999    3380.07769     137.72301     137.72302     495.44148      99.99948



     495.48759     495.32168      99.99996      99.99996     939.82255     261.20365      99.99998      99.99901    1294.26470     495.48758     261.20365



     137.71021     261.22796      99.99999     495.48571     137.72275      99.99644     939.22574      99.99972      99.99999     189.65201     137.12614



      99.99948     495.48660     939.73516      99.99812     100.00000     358.63890     189.67580     189.58885     137.72115     137.55712      99.68531



     137.71021     359.77106      99.99999      99.99998     359.76750    2455.07856     100.00000     137.72303     137.72303     939.81587     682.23460



    1782.62090     137.71021      99.99324      99.40311     939.81587     100.00000      99.99996     100.00000      99.99985      99.99992     137.72299



     261.14050     495.48758     189.67580     137.67691     261.22782     189.67580     937.67519     674.67463     189.67632     136.59087      99.98718



     137.72275     682.40051     925.16848     189.36163     261.22793      99.99901     137.72303     359.75824     682.08582     137.72300     137.72303



     189.67444     137.71627      99.91253     137.72299     682.40036      99.99644     137.72299     100.00000     137.72299     100.00000     137.72303


     137.71627     189.65201    2440.42540     682.37619    1294.35202     495.48759     100.00000    2455.07856     189.67632     137.72115     189.67632



      99.40311      99.99992    2454.48266     189.67631      99.99985    3381.04394     100.00000      99.99992     137.72301     261.18185      99.97569



     189.67624     189.58885     261.22795     100.00000    1782.61421      92.27413      99.99985     189.67631      99.99644      99.99999     939.82263



     359.72495     137.71627     189.67604     261.22789     359.77106     137.72275     137.72302     137.72288     359.76750     100.00000     100.00000



     137.72275     682.39952     100.00000     495.46328      99.99972     189.67628     137.72275     137.67691     189.67632    1294.35029     100.00000



     261.22782      99.99901     495.48084     495.48732     189.67632     261.21515      99.99324     261.22769     682.39952      99.99901     189.67580



     359.77106     137.72288     495.48755     680.25307    1294.26470     261.22797     261.22797     189.67580   31777.06061     261.22609     495.48084



     100.00000     100.00000      99.99998     359.76750     137.72303     137.72115     189.67276     137.72301     137.72302     359.76430     100.00000


      99.99998     491.41441     188.54416     137.72299     189.67632     261.06206     189.67276     261.20365     261.22744     261.22797     495.48745


     495.48759     100.00000     682.39694      99.99998
