0.000000
85.001633
92.274132
99.403107
99.403107
99.685310
99.912529
99.912529
99.953880
99.975693
99.975693
99.975693
99.987183
99.987183
99.987183
99.993240
99.993240
99.993240
99.993240
99.993240
99.996437
99.996437
99.996437
99.998123
99.998123
99.998123
99.999008
99.999008
99.999008
99.999008
99.999008
99.999481
99.999481
99.999481
99.999481
99.999481
99.999481
99.999718
99.999718
99.999718
99.999718
99.999718
99.999847
99.999847
99.999847
99.999847
99.999847
99.999847
99.999847
99.999847
99.999924
99.999924
99.999924
99.999924
99.999962
99.999962
99.999962
99.999962
99.999962
99.999962
99.999977
99.999977
99.999977
99.999977
99.999977
99.999977
99.999977
99.999977
99.999992
99.999992
99.999992
99.999992
99.999992
99.999992
99.999992
99.999992
99.999992
99.999992
99.999992
99.999992
99.999992
99.999992
99.999992
99.999992
99.999992
100.000000
100.000000
100.000000
100.000000
100.000000
100.000000
100.000000
100.000000
100.000000
100.000000
100.000000
100.000000
100.000000
100.000000
100.000000
100.000000
100.000000
100.000000
100.000000
100.000000
100.000000
100.000000
100.000000
100.000000
100.000000
100.000000
100.000000
100.000000
100.000000
100.000000
100.000000
100.000000
100.000000
135.575577
136.590866
136.590866
136.590866
137.126144
137.557114
137.557114
137.635559
137.676910
137.676910
137.698715
137.710205
137.710205
137.710205
137.710205
137.716263
137.716263
137.716263
137.719467
137.721146
137.721146
137.721146
137.722504
137.722748
137.722748
137.722748
137.722748
137.722748
137.722748
137.722748
137.722748
137.722748
137.722748
137.722885
137.722885
137.722885
137.722885
137.722946
137.722946
137.722946
137.722992
137.722992
137.722992
137.722992
137.722992
137.722992
137.722992
137.723007
137.723007
137.723007
137.723007
137.723007
137.723007
137.723007
137.723022
137.723022
137.723022
137.723022
137.723022
137.723022
137.723022
137.723022
137.723022
137.723022
137.723022
137.723022
137.723022
137.723022
137.723022
137.723022
137.723022
137.723022
137.723022
137.723022
137.723022
137.723022
137.723022
187.528885
187.528885
188.544159
188.544159
189.361633
189.588852
189.588852
189.588852
189.630203
189.630203
189.652008
189.652008
189.652008
189.652008
189.663498
189.669556
189.672760
189.672760
189.672760
189.672760
189.674438
189.675323
189.675797
189.675797
189.675797
189.675797
189.675797
189.676041
189.676041
189.676041
189.676041
189.676041
189.676163
189.676239
189.676285
189.676285
189.676285
189.676285
189.676285
189.676300
189.676300
189.676300
189.676315
189.676315
189.676315
189.676315
189.676315
189.676315
189.676315
189.676315
189.676315
189.676315
189.676315
189.676315
189.676315
253.502090
259.080536
260.631073
261.062073
261.062073
261.140503
261.140503
261.181854
261.203644
261.203644
261.203644
261.203644
261.203644
261.215149
261.215149
261.226105
261.226105
261.226105
261.227448
261.227448
261.227692
261.227814
261.227814
261.227814
261.227875
261.227875
261.227875
261.227936
261.227936
261.227936
261.227966
261.227966
261.227966
261.227966
261.227966
261.227966
261.227966
261.227966
261.227966
355.697876
357.623627
358.638885
359.605164
359.724945
359.724945
359.758240
359.758240
359.764313
359.767487
359.767487
359.767487
359.770081
359.770538
359.770782
359.771027
359.771057
359.771057
359.771057
359.771057
359.771057
359.771057
359.771057
359.771057
442.766205
491.414398
495.172913
495.321686
495.441467
495.441467
495.463287
495.480835
495.480835
495.480835
495.485718
495.486603
495.487061
495.487061
495.487335
495.487457
495.487457
495.487549
495.487579
495.487579
495.487579
495.487579
495.487579
495.487579
674.674622
680.253052
682.085815
682.085815
682.234619
682.376160
682.376160
682.376160
682.387695
682.396912
682.399536
682.399536
682.399963
682.399963
682.400330
682.400452
682.400513
682.400513
682.400513
925.168457
925.168457
937.675171
939.225769
939.225769
939.735168
939.809814
939.815857
939.815857
939.822510
939.822571
939.822632
939.822632
1290.278931
1290.278931
1294.037476
1294.264648
1294.264648
1294.306030
1294.350342
1294.352051
1294.352173
1780.473511
1782.574829
1782.614258
1782.614258
1782.619141
1782.620850
2440.425293
2451.006348
2454.482666
2455.078613
2455.078613
2455.079102
3380.077637
3381.043945
4656.658203
6413.039551
6413.267090
8824.939453
8831.533203
12164.017578
16700.753906
31777.060547
